6906
8443
4909
534
8372
977
6995
9480
3175
6791
2343
8829
1426
2196
38
3425
7998
8899
303
2263
8888
8354
941
7767
3501
6963
2983
3715
3459
2714
1248
884
4936
1219
9633
8723
75
5885
4814
1489
6388
4960
1734
5805
5742
7271
7868
2791
7583
3910
3568
5346
3767
8087
540
5153
2675
8552
5839
1257
3755
9698
5409
7454
9569
2618
495
1631
5593
8214
6776
7157
4130
5007
8285
2889
7869
1627
9072
8403
4849
5081
7768
6488
347
7697
1822
7423
2362
5074
9692
7107
4636
4188
4260
3773
6510
4276
4557
4416
30
9701
25
32
15
9800
10
9805
9900
9700
20
